    13     74    368 2017_01_01-001.ann
    12     70    353 2017_01_01-002.ann
     9     54    299 2017_01_05-001.ann
    12     70    359 2017_01_05-002.ann
    24    136    812 2017_01_05-003.ann
     8     47    243 2017_01_06-001.ann
    21    129    747 2017_01_08-001.ann
    12     65    297 2017_01_08-002.ann
    23    139    768 2017_01_08-003.ann
    18     99    519 2017_01_08-004.ann
    10     57    307 2017_01_08-005.ann
     9     52    258 2017_01_09-001.ann
    22    125    715 2017_01_09-002.ann
    20    108    639 2017_01_10-001.ann
     9     59    308 2017_01_11-001.ann
    47    252   1533 2017_01_12-001.ann
    14     75    385 2017_01_12-002.ann
    18    101    578 2017_01_12-003.ann
     4     23    115 2017_01_13-001.ann
     8     47    233 2017_01_13-002.ann
    22    118    655 2017_01_13-003.ann
    11     60    288 2017_01_13-004.ann
     9     51    287 2017_01_13-005.ann
     8     45    262 2017_01_14-001.ann
     8     50    269 2017_01_14-002.ann
    19    112    639 2017_01_15-001.ann
    22    126    747 2017_01_16-001.ann
    17     97    538 2017_01_16-002.ann
     7     40    233 2017_01_17-001.ann
    50    286   1802 2017_01_17-002.ann
    67    371   2221 2017_01_17-003.ann
     9     49    245 2017_01_18-001.ann
    10     60    293 2017_01_19-001.ann
    11     63    372 2017_01_20-001.ann
    10     59    298 2017_01_20-002.ann
    10     56    314 2017_01_20-003.ann
    24    136    761 2017_01_20-004.ann
    21    117    632 2017_01_20-005.ann
    10     55    289 2017_01_21-001.ann
     7     37    222 2017_01_21-002.ann
     6     35    170 2017_01_21-003.ann
     8     44    236 2017_01_21-004.ann
    60    315   1874 2017_01_21-005.ann
    14     81    456 2017_01_21-006.ann
    76    427   2398 2017_01_21-007.ann
    13     89    564 2017_01_21-008.ann
     6     34    160 2017_01_21-009.ann
    15     93    547 2017_01_21-010.ann
    23    138    800 2017_01_21-011.ann
    12     74    375 2017_01_21-012.ann
    12     68    379 2017_01_22-001.ann
     5     28    139 2017_01_22-002.ann
     8     48    247 2017_01_22-003.ann
    24    128    764 2017_01_22-004.ann
    35    208   1226 2017_01_22-005.ann
    31    177    994 2017_01_22-006.ann
     7     40    191 2017_01_23-001.ann
     8     45    226 2017_01_23-002.ann
     2     12     61 2017_01_23-003.ann
     7     43    238 2017_01_23-004.ann
    11     65    326 2017_01_23-005.ann
    36    203   1078 2017_01_23-006.ann
    61    317   1998 2017_01_23-007.ann
    14     82    421 2017_01_24-001.ann
     9     51    254 2017_01_24-002.ann
     7     42    240 2017_01_24-003.ann
    17     88    470 2017_01_24-004.ann
    23    130    696 2017_01_24-005.ann
    30    169    964 2017_01_24-006.ann
     7     39    199 2017_01_25-001.ann
     3     21    105 2017_01_25-002.ann
    10     67    386 2017_01_25-003.ann
    10     59    361 2017_01_25-004.ann
    20    113    618 2017_01_25-005.ann
    16     88    521 2017_01_25-006.ann
    43    252   1442 2017_01_26-001.ann
     6     33    178 2017_01_26-002.ann
     9     54    304 2017_01_27-001.ann
    52    292   1720 2017_01_27-002.ann
    10     56    305 2017_01_28-001.ann
    17     96    511 2017_01_28-002.ann
    14     76    446 2017_01_28-003.ann
    41    255   1408 2017_01_28-004.ann
    21    117    617 2017_01_28-005.ann
    16     89    485 2017_01_28-006.ann
    37    224   1320 2017_01_28-007.ann
    23    122    687 2017_01_28-008.ann
    32    190   1024 2017_01_29-001.ann
    13     89    528 2017_01_30-001.ann
    10     56    287 2017_01_31-001.ann
    23    130    737 2017_01_31-002.ann
    17     97    519 2017_01_31-003.ann
    10     62    333 2017_01_31-004.ann
    11     61    342 2017_01_31-005.ann
    11     60    315 2017_02_01-001.ann
    14     88    521 2017_02_01-002.ann
   126    718   4421 2017_02_01-003.ann
    23    121    736 2017_02_01-004.ann
     9     51    274 2017_02_02-001.ann
    22    129    754 2017_02_02-002.ann
     7     44    261 2017_02_03-001.ann
    30    171   1035 2017_02_03-002.ann
    13     72    393 2017_02_04-001.ann
    23    129    704 2017_02_04-002.ann
    61    314   1895 2017_02_05-001.ann
    11     64    383 2017_02_07-001.ann
    30    167    960 2017_02_08-001.ann
     5     27    124 2017_02_08-002.ann
     5     29    145 2017_02_08-003.ann
     4     22    132 2017_02_08-004.ann
    17     95    491 2017_02_08-005.ann
    15     93    550 2017_02_08-006.ann
    54    317   1863 2017_02_08-007.ann
    10     52    271 2017_02_09-001.ann
     5     30    167 2017_02_09-002.ann
    30    180   1047 2017_02_10-001.ann
    15     94    583 2017_02_10-002.ann
    42    240   1472 2017_02_10-003.ann
    13     75    379 2017_02_11-001.ann
    53    290   1727 2017_02_11-002.ann
    18    112    650 2017_02_11-003.ann
    18    104    619 2017_02_12-001.ann
    12     68    341 2017_02_13-001.ann
    28    159    847 2017_02_13-002.ann
    24    129    754 2017_02_15-001.ann
    25    137    856 2017_02_15-002.ann
    46    251   1443 2017_02_15-003.ann
     8     46    236 2017_02_16-001.ann
    20    111    643 2017_02_16-002.ann
   103    563   3397 2017_02_16-003.ann
    13     80    474 2017_02_17-001.ann
    26    146    856 2017_02_17-002.ann
    10     55    301 2017_02_18-001.ann
    27    150    799 2017_02_18-002.ann
    24    139    770 2017_02_19-001.ann
    29    176    993 2017_02_20-001.ann
    41    222   1262 2017_02_20-002.ann
     7     42    204 2017_02_21-001.ann
     3     19     96 2017_02_21-002.ann
    14     77    377 2017_02_22-001.ann
    13     75    421 2017_02_22-002.ann
    20    113    629 2017_02_22-003.ann
    21    115    670 2017_02_23-001.ann
    10     54    285 2017_02_24-001.ann
    26    138    789 2017_02_24-002.ann
     8     44    230 2017_02_24-003.ann
    10     63    319 2017_02_24-004.ann
    64    329   2005 2017_02_25-001.ann
     7     42    208 2017_03_01-001.ann
    12     71    374 2017_03_02-001.ann
    23    131    683 2017_03_05-001.ann
    50    286   1563 2017_03_05-002.ann
    20    113    582 2017_03_05-003.ann
    17     92    510 2017_03_05-004.ann
    15     90    531 2017_03_06-001.ann
    18     95    535 2017_03_06-002.ann
     6     33    175 2017_03_07-001.ann
     9     49    268 2017_03_08-001.ann
    39    216   1255 2017_03_08-002.ann
     4     24    110 2017_03_08-003.ann
    10     60    335 2017_03_10-001.ann
    11     58    328 2017_03_11-001.ann
    13     84    449 2017_03_11-002.ann
     2     12     46 2017_03_11-003.ann
     9     52    265 2017_03_11-004.ann
    16     83    407 2017_03_11-005.ann
    24    127    758 2017_03_11-006.ann
     8     51    267 2017_03_12-001.ann
     5     31    176 2017_03_12-002.ann
     6     37    193 2017_03_12-003.ann
    20    112    616 2017_03_12-004.ann
    45    259   1562 2017_03_12-005.ann
    13     72    378 2017_03_12-006.ann
    12     69    410 2017_03_12-007.ann
    63    357   2060 2017_03_12-008.ann
    17     95    525 2017_03_12-009.ann
    36    209   1262 2017_03_12-010.ann
    36    216   1403 2017_03_15-001.ann
    14     78    403 2017_03_15-002.ann
    12     69    361 2017_03_15-003.ann
    20    108    565 2017_03_15-004.ann
    16     84    497 2017_03_15-005.ann
     6     34    187 2017_03_17-001.ann
    25    139    767 2017_03_17-002.ann
    27    150    922 2017_03_17-003.ann
    16     96    547 2017_03_18-001.ann
    11     66    341 2017_03_18-002.ann
    11     61    369 2017_03_18-003.ann
    14     79    389 2017_03_19-001.ann
     4     24    110 2017_03_19-002.ann
     6     34    171 2017_03_19-003.ann
     8     43    223 2017_03_19-004.ann
    33    178   1008 2017_03_19-005.ann
    10     60    307 2017_03_19-006.ann
    12     66    339 2017_03_19-007.ann
    19    109    544 2017_03_21-001.ann
    67    363   2117 2017_03_21-002.ann
    26    152    865 2017_03_21-003.ann
    10     59    299 2017_03_21-004.ann
    20    117    657 2017_03_21-005.ann
    15     82    487 2017_03_21-006.ann
    34    195   1121 2017_03_22-001.ann
    33    178   1028 2017_03_22-002.ann
    74    412   2432 2017_03_22-003.ann
     8     45    257 2017_03_23-001.ann
    29    161    907 2017_03_23-002.ann
    21    117    709 2017_03_23-003.ann
    20    112    628 2017_03_23-004.ann
    49    264   1612 2017_03_24-001.ann
    39    207   1217 2017_03_25-001.ann
    46    258   1499 2017_03_25-002.ann
    36    202   1122 2017_03_25-003.ann
    13     75    414 2017_03_25-004.ann
    21    126    695 2017_03_26-001.ann
     7     38    200 2017_03_26-002.ann
    25    143    861 2017_03_26-003.ann
    15     86    498 2017_03_28-001.ann
    10     59    298 2017_03_29-001.ann
     8     42    226 2017_03_29-002.ann
     8     47    250 2017_03_29-003.ann
    16     92    481 2017_03_29-004.ann
    10     59    309 2017_03_29-005.ann
    14     75    394 2017_03_30-001.ann
    24    136    796 2017_03_31-001.ann
     7     38    212 2017_04_01-001.ann
    35    187   1133 2017_04_01-002.ann
     5     27    147 2017_04_01-003.ann
     7     45    249 2017_04_01-004.ann
    13     70    404 2017_04_02-001.ann
    12     66    365 2017_04_02-002.ann
     8     47    228 2017_04_02-003.ann
    23    125    687 2017_04_02-004.ann
    20    106    631 2017_04_02-005.ann
     7     39    201 2017_04_02-006.ann
    16    100    490 2017_04_02-007.ann
    12     69    390 2017_04_03-001.ann
    16     95    550 2017_04_04-001.ann
    20    106    554 2017_04_05-001.ann
    23    126    733 2017_04_06-001.ann
    14     78    451 2017_04_06-002.ann
    12     72    398 2017_04_06-003.ann
    25    139    791 2017_04_06-004.ann
    18    100    592 2017_04_07-001.ann
    11     62    346 2017_04_08-001.ann
    11     62    326 2017_04_08-002.ann
    22    132    686 2017_04_08-003.ann
     9     52    272 2017_04_08-004.ann
    17     98    552 2017_04_08-005.ann
    37    204   1152 2017_04_09-001.ann
    34    192   1114 2017_04_10-001.ann
    16     89    514 2017_04_11-001.ann
    11     71    409 2017_04_12-001.ann
    22    129    837 2017_04_12-002.ann
    11     59    310 2017_04_12-003.ann
    20    118    639 2017_04_12-004.ann
    23    137    792 2017_04_13-001.ann
    19    111    631 2017_04_13-002.ann
     9     56    304 2017_04_13-003.ann
    14     80    396 2017_04_15-001.ann
     4     22    116 2017_04_15-002.ann
    15     81    443 2017_04_15-003.ann
     7     39    226 2017_04_16-001.ann
     8     42    210 2017_04_16-002.ann
     4     22    105 2017_04_16-003.ann
    17     94    515 2017_04_16-004.ann
    10     56    322 2017_04_16-005.ann
    21    113    611 2017_04_16-006.ann
    12     70    404 2017_04_16-007.ann
     4     23    118 2017_04_19-001.ann
     6     34    183 2017_04_19-002.ann
     9     50    266 2017_04_19-003.ann
    19    106    689 2017_04_19-004.ann
    10     58    293 2017_04_19-005.ann
    16     94    506 2017_04_19-006.ann
    16     92    530 2017_04_19-007.ann
    17    101    518 2017_04_20-001.ann
     5     27    146 2017_04_22-001.ann
    53    299   1757 2017_04_22-002.ann
    18    101    582 2017_04_22-003.ann
    19    118    654 2017_04_23-001.ann
    11     58    306 2017_04_24-001.ann
    10     52    268 2017_04_24-002.ann
    24    130    739 2017_04_25-001.ann
     3     18     92 2017_04_26-001.ann
    10     58    335 2017_04_29-001.ann
    19    111    640 2017_04_29-002.ann
    26    147    806 2017_04_30-001.ann
     5     34    145 2017_05_01-001.ann
    11     65    353 2017_05_01-002.ann
    46    243   1427 2017_05_02-001.ann
     9     56    296 2017_05_02-002.ann
    17     93    545 2017_05_03-001.ann
     9     47    222 2017_05_03-002.ann
    11     64    321 2017_05_04-001.ann
    17     99    595 2017_05_04-002.ann
    16     87    490 2017_05_07-001.ann
     7     41    189 2017_05_07-002.ann
    17    107    602 2017_05_07-003.ann
    15     94    492 2017_05_09-001.ann
    23    127    700 2017_05_09-002.ann
    32    176    965 2017_05_11-001.ann
    16     92    513 2017_05_13-001.ann
    43    232   1364 2017_05_14-001.ann
    35    202   1126 2017_05_15-001.ann
    11     57    312 2017_05_16-001.ann
     5     30    144 2017_05_18-001.ann
    10     59    313 2017_05_19-001.ann
    15     84    397 2017_05_23-001.ann
    10     61    325 2017_05_23-002.ann
     8     47    263 2017_05_26-001.ann
     8     45    244 2017_05_27-001.ann
     9     51    254 2017_06_01-001.ann
     7     40    195 2017_06_04-001.ann
     5     30    140 2017_06_04-002.ann
     5     30    137 2017_06_04-003.ann
     5     30    149 2017_06_04-004.ann
    13     76    388 2017_06_04-005.ann
    14     87    460 2017_06_04-006.ann
    19    107    575 2017_06_06-001.ann
    19    104    590 2017_06_07-001.ann
    15     93    502 2017_06_09-001.ann
    41    239   1290 2017_06_12-001.ann
     9     51    267 2017_06_15-001.ann
     7     40    190 2017_06_16-001.ann
     6     35    146 2017_06_16-002.ann
     7     41    214 2017_06_16-003.ann
    41    240   1414 2017_06_18-001.ann
    13     69    417 2017_06_20-001.ann
    14     84    454 2017_06_22-001.ann
    11     57    299 2017_06_26-001.ann
     9     52    263 2017_07_11-001.ann
    13     77    394 2017_07_15-001.ann
     8     51    265 2017_07_19-001.ann
    10     54    271 2017_07_20-001.ann
     6     37    202 2017_07_21-001.ann
    16     92    486 2017_07_24-001.ann
    19    116    611 2017_07_31-001.ann
    89    476   2808 2017_08_05-001.ann
     6     41    225 2017_08_09-001.ann
    11     66    355 2017_08_13-001.ann
    19    108    594 2017_09_09-001.ann
    40    220   1317 2017_09_11-001.ann
    15     88    534 2017_09_12-001.ann
    14     72    331 2017_09_15-001.ann
    33    178   1013 2017_09_16-001.ann
    19    109    614 2017_09_18-001.ann
    19    115    653 2017_09_18-002.ann
    12     69    356 2017_09_19-001.ann
    13     74    371 2017_09_20-001.ann
    10     64    370 2017_09_21-001.ann
    14     84    460 2017_09_21-002.ann
     6     37    187 2017_09_22-001.ann
    24    131    746 2017_09_23-001.ann
     7     44    212 2017_09_24-001.ann
     8     50    270 2017_09_25-001.ann
     5     29    146 2017_09_26-001.ann
    29    156    929 2017_09_26-002.ann
     5     31    154 2017_09_27-001.ann
    49    261   1542 2017_09_28-001.ann
    10     61    342 2017_09_29-001.ann
     8     49    258 2017_10_01-001.ann
    11     65    377 2017_10_01-002.ann
    11     66    334 2017_10_01-003.ann
    16     94    525 2017_10_01-004.ann
     7     44    222 2017_10_03-001.ann
    13     72    413 2017_10_05-001.ann
    26    143    819 2017_10_09-001.ann
    17     94    535 2017_10_11-001.ann
    30    155    909 2017_10_12-001.ann
    14     74    399 2017_10_13-001.ann
     4     22    112 2017_10_15-001.ann
    11     63    364 2017_10_16-001.ann
     6     34    163 2017_10_19-001.ann
    15     78    447 2017_10_19-002.ann
     9     49    273 2017_10_20-001.ann
     5     27    139 2017_10_20-002.ann
     4     22    116 2017_10_20-003.ann
    11     67    364 2017_10_22-001.ann
    17    102    579 2017_10_25-001.ann
     9     54    323 2017_10_27-001.ann
    11     59    349 2017_11_07-001.ann
    14     85    506 2017_11_10-001.ann
     6     32    164 2017_11_11-001.ann
    48    309   1802 2017_11_13-001.ann
    20    105    600 2017_11_13-002.ann
     6     36    186 2017_11_15-001.ann
     7     39    206 2017_11_16-001.ann
     5     28    140 2017_11_21-001.ann
     7     40    190 2017_11_23-001.ann
    10     60    296 2017_11_23-002.ann
    10     58    310 2017_12_12-001.ann
    51    294   1839 2017_12_14-001.ann
    18     95    576 2017_12_19-001.ann
  7183  40683 229756 total
