    13     74    396 2016_01_01-001.ann
    25    143    814 2016_01_01-002.ann
    10     55    270 2016_01_03-001.ann
     6     35    170 2016_01_04-001.ann
    21    117    696 2016_01_04-002.ann
     7     43    220 2016_01_06-001.ann
    12     65    366 2016_01_06-002.ann
    11     72    391 2016_01_07-001.ann
    26    147    775 2016_01_07-002.ann
    15     86    457 2016_01_08-001.ann
    22    140    760 2016_01_10-001.ann
    69    394   2400 2016_01_10-002.ann
    17    102    532 2016_01_10-003.ann
    12     69    329 2016_01_11-001.ann
    43    258   1391 2016_01_11-002.ann
     8     43    231 2016_01_12-001.ann
     9     52    290 2016_01_12-002.ann
    12     69    355 2016_01_14-001.ann
     7     41    200 2016_01_14-002.ann
     9     51    294 2016_01_14-003.ann
    18    102    594 2016_01_14-004.ann
     8     47    258 2016_01_15-001.ann
    17    100    550 2016_01_16-001.ann
    13     69    410 2016_01_18-001.ann
     7     41    201 2016_01_18-002.ann
    13     73    395 2016_01_19-001.ann
    12     64    338 2016_01_20-001.ann
     9     49    268 2016_01_21-001.ann
    14     76    488 2016_01_21-002.ann
    12     63    379 2016_01_21-003.ann
    11     62    346 2016_01_22-001.ann
     7     42    218 2016_01_24-001.ann
    12     71    407 2016_01_24-002.ann
    50    264   1505 2016_01_24-003.ann
     9     57    343 2016_01_25-001.ann
     3     20    103 2016_01_25-002.ann
     8     44    241 2016_01_25-003.ann
    13     81    529 2016_01_26-001.ann
     8     49    275 2016_01_27-001.ann
     7     40    198 2016_01_28-001.ann
    12     68    351 2016_01_28-002.ann
     3     19     94 2016_01_29-001.ann
    63    336   2035 2016_01_31-001.ann
    24    143    781 2016_02_01-001.ann
    26    150    867 2016_02_02-001.ann
    22    123    709 2016_02_02-002.ann
    10     55    293 2016_02_04-001.ann
    15     79    413 2016_02_04-002.ann
     5     30    147 2016_02_06-001.ann
     9     54    299 2016_02_06-002.ann
    12     74    435 2016_02_07-001.ann
    13     86    478 2016_02_07-002.ann
    11     70    390 2016_02_08-001.ann
    17     91    477 2016_02_08-002.ann
     9     51    271 2016_02_09-001.ann
    24    140    900 2016_02_09-002.ann
    12     66    372 2016_02_10-001.ann
     5     28    152 2016_02_11-001.ann
     7     39    214 2016_02_11-002.ann
     4     23    124 2016_02_11-003.ann
     9     54    304 2016_02_11-004.ann
    12     76    423 2016_02_12-001.ann
    12     73    380 2016_02_13-001.ann
     9     56    332 2016_02_13-002.ann
     6     32    169 2016_02_15-001.ann
    14     79    455 2016_02_15-002.ann
    18    117    686 2016_02_15-003.ann
    16     89    509 2016_02_16-001.ann
    18    105    624 2016_02_16-002.ann
     5     30    149 2016_02_19-001.ann
    11     73    373 2016_02_19-002.ann
    12     69    368 2016_02_21-001.ann
     5     27    146 2016_02_21-002.ann
    51    280   1682 2016_02_21-003.ann
    11     64    350 2016_02_22-001.ann
     8     46    261 2016_02_23-001.ann
     8     42    213 2016_02_23-002.ann
    12     67    351 2016_02_24-001.ann
     8     49    277 2016_02_25-001.ann
     9     57    297 2016_02_28-001.ann
    12     73    372 2016_02_28-002.ann
     7     38    211 2016_02_28-003.ann
    14     74    392 2016_03_01-001.ann
     7     39    212 2016_03_01-002.ann
    14     77    422 2016_03_04-001.ann
     5     30    138 2016_03_05-001.ann
    36    217   1185 2016_03_05-002.ann
     9     53    261 2016_03_06-001.ann
     9     52    261 2016_03_07-001.ann
    21    122    695 2016_03_08-001.ann
    22    119    677 2016_03_08-002.ann
     5     32    152 2016_03_11-001.ann
     5     30    132 2016_03_11-002.ann
     6     34    165 2016_03_11-003.ann
     7     41    230 2016_03_11-004.ann
    82    430   2503 2016_03_12-001.ann
     6     32    157 2016_03_13-001.ann
     7     45    254 2016_03_13-002.ann
    55    301   1729 2016_03_13-003.ann
     9     57    359 2016_03_15-001.ann
    22    118    714 2016_03_20-001.ann
     9     49    225 2016_03_22-001.ann
    25    141    790 2016_03_23-001.ann
     7     42    229 2016_03_23-002.ann
    33    191   1103 2016_03_24-001.ann
    11     63    345 2016_03_24-002.ann
     9     57    315 2016_03_24-003.ann
    14    100    519 2016_03_26-001.ann
    14     78    416 2016_03_26-002.ann
     9     48    275 2016_03_27-001.ann
    11     68    327 2016_03_28-001.ann
     6     41    218 2016_03_28-002.ann
    12     69    354 2016_03_29-001.ann
    10     60    321 2016_03_29-002.ann
    11     62    324 2016_03_29-003.ann
     8     47    253 2016_03_30-001.ann
     7     40    200 2016_03_30-002.ann
     8     46    228 2016_03_30-003.ann
    19    118    698 2016_03_30-004.ann
    16     88    522 2016_03_30-005.ann
     4     22    111 2016_03_31-001.ann
    11     61    334 2016_03_31-002.ann
     6     34    159 2016_03_31-003.ann
     8     56    326 2016_04_03-001.ann
    12     71    450 2016_04_03-002.ann
    27    162    918 2016_04_03-003.ann
     8     52    302 2016_04_04-001.ann
    19    112    639 2016_04_05-001.ann
    19    101    544 2016_04_07-001.ann
    40    213   1268 2016_04_07-002.ann
    42    246   1363 2016_04_09-001.ann
    27    144    839 2016_04_10-001.ann
    12     76    412 2016_04_15-001.ann
    11     70    337 2016_04_15-002.ann
    15     86    436 2016_04_18-001.ann
    26    160    910 2016_04_18-002.ann
    12     68    364 2016_04_19-001.ann
     5     29    158 2016_04_19-002.ann
     8     44    213 2016_04_21-001.ann
    10     54    292 2016_04_25-001.ann
    12     72    407 2016_04_29-001.ann
     5     27    143 2016_05_01-001.ann
     7     37    197 2016_05_02-001.ann
    13     77    418 2016_05_02-002.ann
    18    103    531 2016_05_03-001.ann
    23    139    762 2016_05_04-001.ann
    15     87    493 2016_05_04-002.ann
    24    146    831 2016_05_08-001.ann
     9     63    311 2016_05_08-002.ann
    29    160    881 2016_05_11-001.ann
    29    160    895 2016_05_12-001.ann
    11     60    315 2016_05_12-002.ann
    13     81    444 2016_05_14-001.ann
    26    156    842 2016_05_14-002.ann
    44    237   1380 2016_05_15-001.ann
    17     95    496 2016_05_16-001.ann
     9     49    265 2016_05_18-001.ann
    11     68    376 2016_05_18-002.ann
     9     51    248 2016_05_19-001.ann
    16     92    541 2016_05_19-002.ann
     9     51    247 2016_05_21-001.ann
    10     56    278 2016_05_24-001.ann
    22    131    750 2016_05_26-001.ann
     3     18     85 2016_05_26-002.ann
     8     46    240 2016_05_26-003.ann
     8     45    209 2016_05_26-004.ann
    28    158    954 2016_05_26-005.ann
    11     67    396 2016_05_26-006.ann
    12     67    368 2016_05_27-001.ann
    15     88    442 2016_05_28-001.ann
    11     64    328 2016_05_30-001.ann
    15     92    513 2016_06_01-001.ann
    11     63    305 2016_06_02-001.ann
    17     96    514 2016_06_03-001.ann
     9     52    252 2016_06_05-001.ann
    30    154    917 2016_06_05-002.ann
     8     46    234 2016_06_06-001.ann
     7     41    193 2016_06_06-002.ann
    17     98    563 2016_06_07-001.ann
     7     38    203 2016_06_07-002.ann
    43    265   1471 2016_06_07-003.ann
    41    250   1456 2016_06_07-004.ann
     9     53    270 2016_06_08-001.ann
    22    128    709 2016_06_08-002.ann
    11     62    318 2016_06_09-001.ann
    10     62    353 2016_06_09-002.ann
    14     87    465 2016_06_12-001.ann
    16     87    434 2016_06_12-002.ann
     8     46    253 2016_06_12-003.ann
    31    186   1017 2016_06_12-004.ann
    21    125    736 2016_06_12-005.ann
    40    220   1364 2016_06_12-006.ann
    17     98    540 2016_06_12-007.ann
     9     51    264 2016_06_12-008.ann
    17     90    500 2016_06_12-009.ann
    33    199   1140 2016_06_12-010.ann
    39    203   1268 2016_06_12-011.ann
    27    150    866 2016_06_12-012.ann
   197   1013   5924 2016_06_12-013.ann
     6     32    183 2016_06_13-001.ann
    38    223   1203 2016_06_13-002.ann
     4     22    107 2016_06_14-001.ann
     7     42    202 2016_06_14-002.ann
    11     71    454 2016_06_14-003.ann
     8     44    232 2016_06_14-004.ann
    12     70    363 2016_06_14-005.ann
    25    135    805 2016_06_14-006.ann
    41    232   1299 2016_06_15-001.ann
    13     77    407 2016_06_15-002.ann
    14     82    408 2016_06_16-001.ann
    24    137    728 2016_06_16-002.ann
    18    108    666 2016_06_18-001.ann
     7     37    207 2016_06_19-001.ann
    23    133    763 2016_06_19-002.ann
    11     63    343 2016_06_19-003.ann
    12     71    358 2016_06_20-001.ann
    20    116    575 2016_06_20-002.ann
     6     36    179 2016_06_21-001.ann
     6     33    167 2016_06_23-001.ann
     9     48    338 2016_06_24-001.ann
     7     39    219 2016_06_24-002.ann
    12     68    387 2016_06_24-003.ann
    28    152    854 2016_06_24-004.ann
    20    112    570 2016_06_28-001.ann
    14     76    420 2016_06_28-002.ann
    30    171    987 2016_06_29-001.ann
     7     42    212 2016_07_01-001.ann
    14     82    459 2016_07_01-002.ann
     7     38    198 2016_07_03-001.ann
     7     42    191 2016_07_03-002.ann
    15     82    401 2016_07_03-003.ann
    30    181    973 2016_07_03-004.ann
    38    228   1177 2016_07_03-005.ann
    14     77    409 2016_07_04-001.ann
    46    290   1649 2016_07_04-002.ann
    48    281   1626 2016_07_04-003.ann
    37    222   1155 2016_07_04-004.ann
    42    250   1285 2016_07_05-001.ann
    49    296   1540 2016_07_06-001.ann
    12     66    366 2016_07_06-002.ann
    14     86    451 2016_07_08-001.ann
    41    248   1275 2016_07_08-002.ann
    16     96    531 2016_07_09-001.ann
     5     29    143 2016_07_09-002.ann
    49    267   1706 2016_07_09-003.ann
    39    233   1217 2016_07_09-004.ann
    40    238   1222 2016_07_10-001.ann
    39    234   1205 2016_07_12-001.ann
     6     33    173 2016_07_13-001.ann
    39    233   1197 2016_07_13-002.ann
     6     41    209 2016_07_14-001.ann
    28    160    916 2016_07_14-002.ann
    61    363   1912 2016_07_14-003.ann
    14     77    442 2016_07_15-001.ann
    38    230   1196 2016_07_15-002.ann
    37    221   1197 2016_07_16-001.ann
     4     22    121 2016_07_17-001.ann
    33    192   1035 2016_07_17-002.ann
     9     51    288 2016_07_25-001.ann
     8     51    249 2016_07_25-002.ann
    12     73    382 2016_07_26-001.ann
     7     41    210 2016_07_26-002.ann
    10     61    321 2016_07_26-003.ann
    14     81    406 2016_07_26-004.ann
    11     65    344 2016_07_26-005.ann
    34    191   1132 2016_07_26-006.ann
    12     67    366 2016_07_29-001.ann
    48    275   1688 2016_07_29-002.ann
    22    119    660 2016_07_29-003.ann
    12     70    380 2016_07_30-001.ann
    11     61    346 2016_07_30-002.ann
    22    129    747 2016_08_03-001.ann
    13     78    464 2016_08_04-001.ann
     8     46    231 2016_08_04-002.ann
    54    294   1636 2016_08_04-003.ann
     8     46    252 2016_08_05-001.ann
    19    112    542 2016_08_05-002.ann
     8     44    228 2016_08_06-001.ann
    12     68    390 2016_08_06-002.ann
    12     73    366 2016_08_06-003.ann
    20    120    630 2016_08_06-004.ann
    14     92    487 2016_08_06-005.ann
    12     72    343 2016_08_06-006.ann
    12     77    447 2016_08_06-007.ann
     8     45    229 2016_08_07-001.ann
    10     61    293 2016_08_07-002.ann
    11     73    380 2016_08_07-003.ann
    11     63    318 2016_08_07-004.ann
     9     54    262 2016_08_07-005.ann
     9     53    264 2016_08_07-006.ann
    10     58    283 2016_08_07-007.ann
    16     95    510 2016_08_08-001.ann
    67    346   2000 2016_08_08-002.ann
    10     57    290 2016_08_08-003.ann
    10     58    289 2016_08_08-004.ann
    11     63    318 2016_08_09-001.ann
    13     75    386 2016_08_09-002.ann
     5     32    141 2016_08_09-003.ann
     8     51    246 2016_08_09-004.ann
    10     61    303 2016_08_09-005.ann
    10     60    299 2016_08_09-006.ann
    10     61    285 2016_08_09-007.ann
     7     44    207 2016_08_10-001.ann
     9     52    261 2016_08_10-002.ann
    12     70    348 2016_08_10-003.ann
    15     84    437 2016_08_10-004.ann
    12     71    381 2016_08_11-001.ann
     7     44    213 2016_08_12-001.ann
    11     67    336 2016_08_12-002.ann
    10     52    277 2016_08_13-001.ann
    19    109    577 2016_08_13-002.ann
    10     62    306 2016_08_13-003.ann
    18    103    550 2016_08_14-001.ann
    11     64    321 2016_08_14-002.ann
    14     81    432 2016_08_14-003.ann
    14     75    390 2016_08_14-004.ann
     9     55    276 2016_08_14-005.ann
    15     91    480 2016_08_14-006.ann
    61    357   2045 2016_08_15-001.ann
    12     75    402 2016_08_15-002.ann
     9     57    276 2016_08_15-003.ann
    15     88    420 2016_08_15-004.ann
    11     59    312 2016_08_16-001.ann
    15     81    428 2016_08_16-002.ann
     9     47    268 2016_08_17-001.ann
    14     83    447 2016_08_17-002.ann
    23    139    733 2016_08_17-003.ann
    26    156    868 2016_08_18-001.ann
    25    150    835 2016_08_19-001.ann
     9     55    267 2016_08_19-002.ann
    14     83    416 2016_08_19-003.ann
     9     54    268 2016_08_20-001.ann
    17     95    517 2016_08_20-002.ann
    34    201   1132 2016_08_20-003.ann
    24    133    674 2016_08_20-004.ann
     7     44    221 2016_08_20-005.ann
    15     82    416 2016_08_20-006.ann
    16     91    478 2016_08_21-001.ann
     8     48    214 2016_08_21-002.ann
    14     86    492 2016_08_22-001.ann
    17     98    472 2016_08_22-002.ann
     6     41    190 2016_08_23-001.ann
    20    117    689 2016_08_23-002.ann
    14     82    409 2016_08_23-003.ann
     8     46    244 2016_08_24-001.ann
     4     25    110 2016_08_24-002.ann
    10     55    304 2016_08_24-003.ann
     6     38    203 2016_08_25-001.ann
     2     12     56 2016_08_25-002.ann
     8     46    256 2016_08_27-001.ann
     4     22    109 2016_08_27-002.ann
    13     70    381 2016_08_27-003.ann
     3     20     92 2016_08_30-001.ann
    10     56    312 2016_08_30-002.ann
    11     63    341 2016_08_30-003.ann
    17     96    562 2016_08_30-004.ann
    37    212   1215 2016_08_30-005.ann
     5     27    132 2016_08_31-001.ann
     9     49    261 2016_08_31-002.ann
    17     99    560 2016_08_31-003.ann
    15     88    483 2016_09_01-001.ann
    13     75    416 2016_09_01-002.ann
    24    148    820 2016_09_01-003.ann
     6     33    172 2016_09_02-001.ann
     9     50    275 2016_09_02-002.ann
     8     43    218 2016_09_02-003.ann
    25    155    870 2016_09_02-004.ann
    14     72    339 2016_09_03-001.ann
     5     32    173 2016_09_03-002.ann
    14     84    423 2016_09_03-003.ann
    36    203   1103 2016_09_03-004.ann
    38    227   1285 2016_09_03-005.ann
    26    141    793 2016_09_03-006.ann
    36    218   1296 2016_09_04-001.ann
     9     49    269 2016_09_05-001.ann
    11     63    351 2016_09_05-002.ann
    10     55    301 2016_09_05-003.ann
    52    281   1438 2016_09_08-001.ann
    20    114    647 2016_09_09-001.ann
    12     75    384 2016_09_10-001.ann
    12     63    324 2016_09_11-001.ann
     8     43    223 2016_09_14-001.ann
     5     27    137 2016_09_14-002.ann
     7     41    208 2016_09_17-001.ann
    29    164    911 2016_09_17-002.ann
     7     39    219 2016_09_17-003.ann
    13     77    427 2016_09_17-004.ann
    43    248   1408 2016_09_18-001.ann
    43    240   1566 2016_09_19-001.ann
    18    105    567 2016_09_20-001.ann
    47    249   1379 2016_09_21-001.ann
    23    129    659 2016_09_22-001.ann
    30    184   1073 2016_09_24-001.ann
     4     22    116 2016_09_24-002.ann
    32    176   1015 2016_09_25-001.ann
    53    289   1783 2016_09_25-002.ann
    11     65    319 2016_09_26-001.ann
    28    155    902 2016_09_27-001.ann
     7     37    196 2016_09_28-001.ann
     4     25    143 2016_09_28-002.ann
    13     72    391 2016_09_30-001.ann
    14     79    472 2016_10_01-001.ann
    16     84    498 2016_10_01-002.ann
     3     19    102 2016_10_01-003.ann
     6     34    168 2016_10_03-001.ann
    14     84    470 2016_10_04-001.ann
    16     86    496 2016_10_05-001.ann
    15     90    479 2016_10_05-002.ann
    11     59    320 2016_10_06-001.ann
    17     94    521 2016_10_06-002.ann
     9     55    258 2016_10_07-001.ann
     7     41    211 2016_10_09-001.ann
     6     35    193 2016_10_09-002.ann
    20    124    647 2016_10_09-003.ann
    68    393   2227 2016_10_10-001.ann
    17    105    573 2016_10_10-002.ann
    14     80    440 2016_10_11-001.ann
     8     46    253 2016_10_12-001.ann
    25    156    934 2016_10_13-001.ann
    16     83    455 2016_10_13-002.ann
     1      7     30 2016_10_13-003.ann
    29    173   1039 2016_10_13-004.ann
    13     78    420 2016_10_14-001.ann
    15     93    549 2016_10_14-002.ann
    17     97    548 2016_10_14-003.ann
    62    352   2204 2016_10_15-001.ann
    20    115    642 2016_10_15-002.ann
    27    157    850 2016_10_15-003.ann
    20    111    654 2016_10_15-004.ann
     4     27    163 2016_10_16-001.ann
    27    166   1016 2016_10_16-002.ann
    10     55    290 2016_10_17-001.ann
    16     94    530 2016_10_17-002.ann
    17     95    535 2016_10_17-003.ann
    12     64    367 2016_10_17-004.ann
     9     59    384 2016_10_17-005.ann
    18     99    571 2016_10_18-001.ann
    29    159    933 2016_10_18-002.ann
    14     86    436 2016_10_19-001.ann
    18    108    583 2016_10_20-001.ann
    19    107    589 2016_10_21-001.ann
    14     79    443 2016_10_23-001.ann
     5     29    157 2016_10_24-001.ann
     7     38    190 2016_10_24-002.ann
    18     99    505 2016_10_24-003.ann
    30    165    886 2016_10_24-004.ann
    16     95    569 2016_10_24-005.ann
    10     54    268 2016_10_24-006.ann
    11     69    399 2016_10_25-001.ann
     9     57    295 2016_10_25-002.ann
    12     76    465 2016_10_25-003.ann
     6     45    215 2016_10_26-001.ann
    39    223   1369 2016_10_27-001.ann
    13     77    446 2016_10_30-001.ann
    11     62    375 2016_10_30-002.ann
    20    114    667 2016_10_30-003.ann
    18     97    541 2016_10_30-004.ann
    14     79    426 2016_10_30-005.ann
     4     23    122 2016_10_30-006.ann
    17     89    407 2016_11_01-001.ann
    37    212   1235 2016_11_01-002.ann
    15    106    631 2016_11_02-001.ann
    17     90    477 2016_11_03-001.ann
    26    164    959 2016_11_04-001.ann
     9     55    316 2016_11_07-001.ann
    25    154    961 2016_11_07-002.ann
    14     79    428 2016_11_08-001.ann
     6     33    180 2016_11_08-002.ann
    15     88    463 2016_11_08-003.ann
     5     30    143 2016_11_08-004.ann
    43    248   1404 2016_11_08-005.ann
    10     61    318 2016_11_09-001.ann
    12     74    390 2016_11_10-001.ann
    11     65    355 2016_11_11-001.ann
    13     70    380 2016_11_11-002.ann
     6     36    169 2016_11_12-001.ann
    17    103    586 2016_11_12-002.ann
     1      7     31 2016_11_13-001.ann
    12     68    370 2016_11_13-002.ann
     4     24    150 2016_11_14-001.ann
     7     38    200 2016_11_14-002.ann
    13     67    400 2016_11_14-003.ann
     7     41    221 2016_11_14-004.ann
    12     70    375 2016_11_15-001.ann
     7     38    195 2016_11_15-002.ann
    20    126    723 2016_11_15-003.ann
    12     64    374 2016_11_15-004.ann
    28    161    992 2016_11_16-001.ann
    15     87    504 2016_11_16-002.ann
     9     52    308 2016_11_17-001.ann
    24    139    821 2016_11_19-001.ann
    26    139    796 2016_11_19-002.ann
     9     49    237 2016_11_20-001.ann
    11     68    359 2016_11_20-002.ann
     4     23    113 2016_11_20-003.ann
    20    123    664 2016_11_20-004.ann
    10     56    283 2016_11_20-005.ann
    37    198   1180 2016_11_23-001.ann
    10     58    347 2016_11_23-002.ann
     3     20    110 2016_11_24-001.ann
    22    126    718 2016_11_24-002.ann
    13     72    408 2016_11_24-003.ann
    13     83    496 2016_11_24-004.ann
    16     89    506 2016_11_24-005.ann
    14     78    419 2016_11_25-001.ann
    18     97    542 2016_11_26-001.ann
     9     48    246 2016_11_26-002.ann
    15     89    447 2016_11_26-003.ann
    10     60    314 2016_11_27-001.ann
     3     17     87 2016_11_28-001.ann
     9     47    249 2016_11_29-001.ann
    17    100    549 2016_11_30-001.ann
     6     36    195 2016_11_30-002.ann
    10     61    328 2016_12_01-001.ann
    28    160    907 2016_12_02-001.ann
    30    172   1005 2016_12_02-002.ann
     6     33    157 2016_12_04-001.ann
     7     37    209 2016_12_04-002.ann
     3     20     94 2016_12_04-003.ann
    14     90    492 2016_12_04-004.ann
    11     63    347 2016_12_05-001.ann
    23    134    811 2016_12_05-002.ann
    37    211   1267 2016_12_05-003.ann
    28    166    919 2016_12_06-001.ann
    12     65    364 2016_12_07-001.ann
     7     40    202 2016_12_07-002.ann
    16     93    515 2016_12_08-001.ann
     7     37    183 2016_12_08-002.ann
    12     69    401 2016_12_09-001.ann
    18     96    533 2016_12_09-002.ann
     9     53    271 2016_12_10-001.ann
    10     55    326 2016_12_11-001.ann
    48    260   1562 2016_12_12-001.ann
     8     47    233 2016_12_15-001.ann
     4     22    105 2016_12_16-001.ann
    23    141    846 2016_12_17-001.ann
    21    126    705 2016_12_17-002.ann
    17     96    562 2016_12_17-003.ann
    10     56    308 2016_12_17-004.ann
    29    173    993 2016_12_17-005.ann
    32    183   1120 2016_12_18-001.ann
    10     60    307 2016_12_19-001.ann
    10     54    280 2016_12_19-002.ann
    10     59    327 2016_12_19-003.ann
    14     74    439 2016_12_19-004.ann
    11     58    292 2016_12_20-001.ann
     9     53    341 2016_12_20-002.ann
    13     82    482 2016_12_21-001.ann
    11     60    263 2016_12_21-002.ann
    51    272   1621 2016_12_21-003.ann
    12     69    367 2016_12_22-001.ann
    18     99    526 2016_12_23-001.ann
     8     48    252 2016_12_25-001.ann
    14     82    442 2016_12_25-002.ann
     8     47    241 2016_12_26-001.ann
    11     64    341 2016_12_26-002.ann
    19    107    536 2016_12_27-001.ann
    11     62    301 2016_12_28-001.ann
     6     36    181 2016_12_29-001.ann
     9     53    278 2016_12_29-002.ann
     6     36    193 2016_12_29-003.ann
    29    155    932 2016_12_29-004.ann
     6     33    165 2016_12_30-001.ann
     4     24    118 2016_12_30-002.ann
    10     56    297 2016_12_30-003.ann
     8     49    274 2016_12_30-004.ann
    11     58    300 2016_12_30-005.ann
    10     57    288 2016_12_30-006.ann
    12     70    371 2016_12_31-001.ann
    11     64    355 2016_12_31-002.ann
    11     64    349 2016_12_31-003.ann
  9443  54329 300935 total
