    16     82    488 2018_01_02-001.ann
    17     97    471 2018_01_07-001.ann
     5     28    139 2018_01_13-001.ann
     6     34    170 2018_01_14-001.ann
     7     43    240 2018_01_16-001.ann
    25    136    808 2018_01_18-001.ann
    15     88    451 2018_01_20-001.ann
    11     60    345 2018_01_23-001.ann
    13     68    362 2018_01_24-001.ann
    17    107    571 2018_01_27-001.ann
    12     64    319 2018_01_28-001.ann
     6     33    179 2018_02_02-001.ann
    13     78    413 2018_02_02-002.ann
    21    123    644 2018_02_05-001.ann
     7     44    193 2018_02_06-001.ann
     9     47    275 2018_02_12-001.ann
    12     70    354 2018_02_12-002.ann
     9     52    262 2018_02_15-001.ann
    24    129    741 2018_02_15-002.ann
    10     62    326 2018_02_15-003.ann
    10     62    318 2018_02_17-001.ann
    22    128    798 2018_02_19-001.ann
     9     47    260 2018_02_20-001.ann
    11     67    345 2018_02_20-002.ann
    13     69    376 2018_02_21-001.ann
    12     72    443 2018_02_22-001.ann
    31    182   1091 2018_02_22-002.ann
    21    115    650 2018_02_23-001.ann
    35    205   1259 2018_02_23-002.ann
    11     68    360 2018_02_23-003.ann
     7     39    210 2018_02_24-001.ann
     9     52    286 2018_02_24-002.ann
     7     40    264 2018_02_25-001.ann
    15     93    484 2018_02_25-002.ann
     4     24    119 2018_03_01-001.ann
    55    313   1687 2018_03_02-001.ann
    14     91    434 2018_03_03-001.ann
    13     84    403 2018_03_03-002.ann
    17    101    592 2018_03_03-003.ann
    22    127    697 2018_03_04-001.ann
    18    109    641 2018_03_05-001.ann
    26    135    785 2018_03_06-001.ann
     7     41    201 2018_03_08-001.ann
    17     97    564 2018_03_08-002.ann
    30    162    993 2018_03_08-003.ann
    22    125    687 2018_03_08-004.ann
     6     39    196 2018_03_09-001.ann
     5     33    176 2018_03_09-002.ann
    11     69    320 2018_03_09-003.ann
    15     83    459 2018_03_09-004.ann
    10     60    284 2018_03_09-005.ann
    16     87    473 2018_03_09-006.ann
    21    114    633 2018_03_09-007.ann
    22    117    621 2018_03_09-008.ann
     4     23    106 2018_03_10-001.ann
     3     17     85 2018_03_10-002.ann
     6     36    186 2018_03_10-003.ann
    10     60    307 2018_03_10-004.ann
     9     51    294 2018_03_10-005.ann
     4     24    119 2018_03_10-006.ann
    16     90    483 2018_03_10-007.ann
     5     29    165 2018_03_10-008.ann
    32    176   1007 2018_03_10-009.ann
     7     40    192 2018_03_11-001.ann
     5     27    133 2018_03_11-002.ann
     9     55    280 2018_03_11-003.ann
    13     79    428 2018_03_11-004.ann
     8     52    262 2018_03_11-005.ann
    16     99    492 2018_03_11-006.ann
     6     37    197 2018_03_11-007.ann
     3     17     84 2018_03_12-001.ann
    11     70    348 2018_03_12-002.ann
    13     75    391 2018_03_13-001.ann
     7     37    249 2018_03_13-002.ann
    11     60    363 2018_03_13-003.ann
    14     87    442 2018_03_14-001.ann
     6     34    178 2018_03_14-002.ann
     7     37    248 2018_03_14-003.ann
     7     44    202 2018_03_15-001.ann
     7     38    184 2018_03_15-002.ann
    10     54    287 2018_03_16-001.ann
    11     62    335 2018_03_16-002.ann
     6     35    176 2018_03_17-001.ann
    15     93    497 2018_03_17-002.ann
     5     32    176 2018_03_17-003.ann
    12     62    334 2018_03_17-004.ann
     4     24    114 2018_03_17-005.ann
    17     93    531 2018_03_17-006.ann
     3     17     79 2018_03_17-007.ann
    10     66    362 2018_03_20-001.ann
    12     68    377 2018_03_21-001.ann
    11     65    294 2018_03_22-001.ann
    20    112    635 2018_03_23-001.ann
    19    107    578 2018_03_24-001.ann
    20    116    662 2018_03_25-001.ann
     9     48    275 2018_03_29-001.ann
    14     81    405 2018_03_30-001.ann
    22    129    742 2018_04_01-001.ann
    16     88    535 2018_04_02-001.ann
    10     60    370 2018_04_04-001.ann
    20    117    594 2018_04_04-002.ann
    25    136    728 2018_04_05-001.ann
    11     62    342 2018_04_07-001.ann
     6     35    190 2018_04_12-001.ann
    14     77    399 2018_04_16-001.ann
    10     59    286 2018_04_17-001.ann
    11     63    307 2018_04_17-002.ann
    16     88    484 2018_04_17-003.ann
    11     63    318 2018_04_18-001.ann
     8     46    238 2018_04_18-002.ann
     7     46    223 2018_04_21-001.ann
    12     75    431 2018_04_30-001.ann
    10     56    274 2018_05_06-001.ann
    47    257   1523 2018_05_13-001.ann
    25    135    792 2018_05_22-001.ann
    15     86    472 2018_05_24-001.ann
    30    164   1002 2018_05_26-001.ann
    46    271   1469 2018_06_01-001.ann
     7     43    206 2018_06_04-001.ann
    11     57    280 2018_06_07-001.ann
     8     44    209 2018_06_21-001.ann
    32    181   1011 2018_06_23-001.ann
    26    151    935 2018_06_23-002.ann
     8     45    220 2018_06_24-001.ann
    29    170   1042 2018_06_24-002.ann
    15     85    464 2018_06_24-003.ann
    27    153    889 2018_06_25-001.ann
    21    130    745 2018_06_29-001.ann
    32    183    984 2018_07_04-001.ann
     9     51    270 2018_07_08-001.ann
    18     93    502 2018_07_08-002.ann
    15     94    482 2018_07_19-001.ann
    28    169    923 2018_07_19-002.ann
     8     42    211 2018_07_21-001.ann
    28    166    952 2018_07_21-002.ann
    14     82    448 2018_07_22-001.ann
     5     28    130 2018_07_22-002.ann
     7     38    196 2018_07_24-001.ann
    34    204   1252 2018_07_30-001.ann
    30    171    969 2018_08_09-001.ann
    17     94    557 2018_08_09-002.ann
     8     51    291 2018_08_11-001.ann
    63    352   2057 2018_08_27-001.ann
     7     44    248 2018_08_28-001.ann
    23    141    758 2018_09_08-001.ann
     9     55    279 2018_09_10-001.ann
    19    121    668 2018_09_15-001.ann
    24    152    827 2018_09_16-001.ann
    21    129    689 2018_09_16-002.ann
    11     61    328 2018_09_17-001.ann
     7     41    228 2018_09_22-001.ann
    22    134    750 2018_09_22-002.ann
    21    130    713 2018_09_22-003.ann
    22    141    793 2018_09_30-001.ann
    19    116    641 2018_10_01-001.ann
    17    114    634 2018_10_06-001.ann
    21    126    698 2018_10_07-001.ann
     8     42    243 2018_10_09-001.ann
    12     78    407 2018_10_13-001.ann
    17    109    570 2018_10_13-002.ann
    23    133    761 2018_10_18-001.ann
    19    112    601 2018_10_21-001.ann
    20    118    639 2018_10_21-002.ann
    22    129    761 2018_10_22-001.ann
    21    126    680 2018_10_22-002.ann
    18    102    575 2018_10_27-001.ann
    22    132    718 2018_10_28-001.ann
    31    180   1068 2018_10_29-001.ann
     9     51    265 2018_11_10-001.ann
    19    110    582 2018_11_10-002.ann
    22    132    688 2018_11_10-003.ann
    14     79    417 2018_11_14-001.ann
    13     72    418 2018_11_17-001.ann
    22    131    685 2018_11_17-002.ann
    20    109    668 2018_11_19-001.ann
    27    145    844 2018_11_19-002.ann
    26    160    866 2018_11_25-001.ann
    13     82    426 2018_11_26-001.ann
    17    102    500 2018_11_29-001.ann
    20    125    702 2018_11_29-002.ann
    23    134    782 2018_11_30-001.ann
   210   1174   7136 2018_12_01-001.ann
    43    239   1484 2018_12_01-002.ann
    19    121    706 2018_12_01-003.ann
    18    106    599 2018_12_01-004.ann
   124    684   4089 2018_12_02-001.ann
    16     96    519 2018_12_02-002.ann
   148    798   4974 2018_12_03-001.ann
    18    113    618 2018_12_03-002.ann
   145    798   4752 2018_12_04-001.ann
   182    975   6133 2018_12_05-001.ann
   162    881   5209 2018_12_06-001.ann
   255   1392   8636 2018_12_07-001.ann
   619   3426  22134 2018_12_08-001.ann
    27    161    889 2018_12_08-002.ann
    81    438   2584 2018_12_09-001.ann
    24    143    772 2018_12_09-002.ann
    23    136    720 2018_12_09-003.ann
    86    463   2783 2018_12_10-001.ann
   103    553   3434 2018_12_11-001.ann
    68    374   2161 2018_12_12-001.ann
   114    622   3701 2018_12_13-001.ann
    13     70    376 2018_12_13-002.ann
    14     77    436 2018_12_13-003.ann
    85    457   2596 2018_12_14-001.ann
   352   1909  12094 2018_12_15-001.ann
    20    121    695 2018_12_15-002.ann
    16    106    606 2018_12_15-003.ann
    67    366   2039 2018_12_16-001.ann
    75    431   2675 2018_12_17-001.ann
   150    809   4993 2018_12_18-001.ann
   124    674   3961 2018_12_19-001.ann
   109    608   3647 2018_12_20-001.ann
    20    120    656 2018_12_21-001.ann
   120    680   4238 2018_12_21-002.ann
   342   1856  11948 2018_12_22-001.ann
    23    138    751 2018_12_22-002.ann
   128    718   4334 2018_12_23-001.ann
   164    897   5517 2018_12_24-001.ann
    23    141    738 2018_12_24-002.ann
    21    124    678 2018_12_24-003.ann
    50    291   1743 2018_12_25-001.ann
    63    354   2169 2018_12_26-001.ann
    74    416   2487 2018_12_27-001.ann
    60    319   1893 2018_12_28-001.ann
    50    278   1675 2018_12_30-001.ann
    88    493   3035 2018_12_31-001.ann
  7565  42558 250479 total
